3 0.0625 0.159375 0.0265625 0.03203125
3 0.26015625 0.184375 0.02890625 0.03359375
3 0.07265625 0.421875 0.025 0.0296875
3 0.35 0.6203125 0.02578125 0.03359375
3 0.50078125 0.68828125 0.02578125 0.03046875
3 0.6625 0.496875 0.025 0.03671875
3 0.659375 0.16640625 0.0234375 0.0328125
1 0.60703125 0.52890625 0.0359375 0.03359375
5 0.0890625 0.36171875 0.01484375 0.021875
5 0.28828125 0.575 0.0171875 0.01953125
5 0.25859375 0.4265625 0.015625 0.0390625
5 0.475 0.51953125 0.0171875 0.0234375
5 0.5171875 0.30703125 0.0171875 0.0265625
0 0.07060416666666666 0.70098828125 0.06823958333333334 0.572802734375 0.18521354166666668 0.565587890625 0.1990859375 0.5253828125 0.11904427083333333 0.524869140625 0.06902604166666668 0.53529296875 0.06877213541666667 0.47108203125000003 0.06740234375000001 0.44578125 0.09421614583333335 0.44308984375 0.09421614583333335 0.4293046875 0.06291145833333334 0.4187187499999999 0.06691276041666668 0.39884765625 0.06691276041666668 0.3772578125 0.21000000000000002 0.380455078125 0.22412109375 0.3714140625 0.18463411458333334 0.335337890625 0.046959635416666666 0.351349609375 0.04382552083333334 0.61442578125 0.048438802083333336 0.64009375 0.046962239583333336 0.65442578125 0.049596354166666676 0.707845703125 0.07060416666666666 0.70098828125
0 0.25625 0.553125 0.02578125 0.309375
0 0.11875 0.28046875 0.1296875 0.03984375
0 0.1890625 0.15703125 0.12734375 0.0328125
0 0.590625 0.16640625 0.13359375 0.02578125
0 0.64140625 0.45625 0.02265625 0.5671875
0 0.5734375 0.2796875 0.11328125 0.0359375
0 0.5875 0.55703125 0.11328125 0.04296875
0 0.5890625 0.69765625 0.1203125 0.0234375
0 0.33125 0.54921875 0.1 0.02265625
0 0.38203125 0.146875 0.12578125 0.01796875
0 0.3921875 0.6765625 0.0453125 0.0265625