5 0.10234375 0.67421875 0.01484375 0.01171875
5 0.13203125 0.67421875 0.01484375 0.0125
5 0.16171875 0.67265625 0.01015625 0.01171875
5 0.2203125 0.67265625 0.01484375 0.0125
5 0.25234375 0.6734375 0.01484375 0.01484375
5 0.28125 0.6734375 0.01640625 0.0125
5 0.340625 0.67265625 0.01171875 0.01328125
5 0.3703125 0.67265625 0.0140625 0.01171875
5 0.10234375 0.55078125 0.01328125 0.01015625
5 0.13125 0.55 0.0109375 0.009375
5 0.16328125 0.55234375 0.0140625 0.01171875
5 0.19296875 0.5515625 0.01796875 0.01171875
5 0.221875 0.5515625 0.01640625 0.0125
5 0.25078125 0.55 0.01171875 0.01171875
5 0.28203125 0.55078125 0.01484375 0.0125
5 0.3109375 0.5515625 0.01328125 0.01328125
5 0.5328125 0.6078125 0.00703125 0.0203125
5 0.53359375 0.64453125 0.0078125 0.01640625
5 0.5453125 0.60078125 0.0125 0.01015625
5 0.57421875 0.60234375 0.015625 0.0140625
5 0.6046875 0.60078125 0.0140625 0.01171875
5 0.634375 0.6015625 0.015625 0.01484375
5 0.6609375 0.60078125 0.0140625 0.01328125
5 0.20078125 0.12734375 0.009375 0.0203125
5 0.20078125 0.16796875 0.009375 0.02109375
5 0.20078125 0.20703125 0.00859375 0.0171875
5 0.20078125 0.2484375 0.009375 0.01875
5 0.20078125 0.3296875 0.01015625 0.02265625
5 0.228125 0.25 0.0078125 0.01953125
5 0.65390625 0.1125 0.01171875 0.01640625
5 0.6546875 0.153125 0.009375 0.021875
5 0.65390625 0.19375 0.00859375 0.01953125
5 0.6546875 0.23515625 0.00859375 0.0234375
5 0.65234375 0.271875 0.00859375 0.01953125
5 0.65390625 0.31328125 0.0078125 0.01953125
0 0.6153171875 0.3429001051524711 0.6269218750000001 0.24934700315457414 0.6231914062499999 0.11947634069400632 0.5564859375 0.1141062039957939 0.52944765625 0.1307465825446898 0.57425859375 0.1378296529968454 0.6086031249999999 0.14539221871713987 0.6153171875 0.3429001051524711
0 0.2296875 0.66484375 0.3296875 0.04609375
0 0.1527375 0.6981608832807572 0.15676015625 0.6558149316508938 0.22100234375 0.6551619348054679 0.22548984375 0.6955867507886436 0.23937734375000003 0.6551251314405888 0.3020984375 0.6571871713985279 0.30520468749999996 0.6948254468980022 0.32156093750000003 0.6567034700315457 0.38186484374999996 0.6770021030494217 0.39556328125 0.6884405888538381 0.39653515625 0.6400956887486856 0.15562265625 0.6321777076761305 0.07508359375 0.6238937960042061 0.056112499999999996 0.6644416403785489 0.071778125 0.6942271293375395 0.08212662029660404 0.6616670846163654 0.12486015624999999 0.6575993690851735 0.1435203125 0.6576666666666667 0.1527375 0.6981608832807572
0 0.1453125 0.5375 0.159375 0.0171875
0 0.23125 0.60625 0.33203125 0.015625
0 0.1828125 0.38515625 0.01171875 0.5390625
0 0.58203125 0.5875 0.0734375 0.01484375
0 0.58125 0.69765625 0.07109375 0.01796875
0 0.6171875 0.41640625 0.0140625 0.58515625
0 0.31640625 0.1296875 0.13359375 0.01328125
0 0.26484375 0.15 0.00859375 0.05546875
0 0.2484375 0.17265625 0.02890625 0.01796875